INSTANT RUNOFF (IR) VOTING ELECTION
AUDIT FILE INITIALIZED
POPULATING DATA FROM IR ELECTION FILE...

Ballots:
0: [4, 3, 6, 2, 1, 5]
1: [6, 1, 2, 5, 3, 4]
2: [2, 6, 3, 5, 4, 1]
3: [3, 1, 2, 4, 5, 6]
4: [5, 3, 2, 6, 4, 1]
5: [5, 6, 2, 1, 4, 3]
6: [2, 5, 3, 4, 6, 1]
7: [2, 6, 1, 3, 5, 4]
8: [2, 1, 6, 3, 4, 5]
9: [3, 4, 2, 6, 1, 5]
10: [4, 6, 1, 5, 2, 3]
11: [4, 3, 6, 1, 2, 5]
12: [3, 2, 4, 5, 6, 1]
13: [1, 5, 3, 2, 6, 4]
14: [5, 1, 4, 3, 2, 6]
15: [6, 2, 5, 4, 3, 1]
16: [6, 3, 1, 2, 5, 4]
17: [5, 2, 1, 4, 3, 6]
18: [5, 3, 6, 1, 4, 2]
19: [4, 6, 3, 2, 5, 1]
20: [5, 4, 1, 2, 6, 3]
21: [5, 4, 2, 1, 3, 6]
22: [4, 2, 5, 3, 6, 1]
23: [2, 1, 6, 4, 3, 5]
24: [5, 4, 6, 2, 1, 3]
25: [2, 1, 3, 5, 4, 6]
26: [1, 6, 4, 3, 5, 2]
27: [6, 4, 2, 3, 1, 5]
28: [1, 5, 6, 2, 3, 4]
29: [6, 1, 4, 2, 5, 3]
30: [1, 5, 6, 2, 4, 3]
31: [3, 2, 5, 6, 1, 4]
32: [1, 5, 2, 4, 6, 3]
33: [5, 6, 3, 1, 2, 4]
34: [6, 3, 1, 4, 5, 2]
35: [3, 1, 4, 6, 5, 2]
36: [1, 3, 4, 2, 6, 5]
37: [3, 6, 4, 1, 2, 5]
38: [5, 6, 4, 3, 1, 2]
39: [6, 4, 2, 3, 5, 1]
40: [4, 3, 6, 1, 2, 5]
41: [1, 2, 6, 3, 5, 4]
42: [6, 5, 3, 1, 4, 2]
43: [1, 5, 6, 2, 3, 4]
44: [6, 1, 2, 5, 4, 3]
45: [2, 4, 6, 1, 5, 3]
46: [4, 1, 6, 2, 3, 5]
47: [4, 6, 5, 1, 2, 3]
48: [3, 5, 1, 6, 2, 4]
49: [3, 6, 2, 1, 5, 4]
50: [5, 6, 2, 4, 1, 3]
51: [6, 5, 3, 4, 1, 2]
52: [5, 2, 6, 3, 4, 1]
53: [3, 1, 5, 4, 6, 2]
54: [3, 1, 5, 2, 4, 6]
55: [2, 1, 6, 5, 4, 3]
56: [1, 2, 5, 3, 6, 4]
57: [1, 3, 6, 5, 2, 4]
58: [3, 6, 4, 2, 5, 1]
59: [1, 4, 5, 3, 6, 2]
60: [1, 3, 6, 4, 2, 5]
61: [2, 4, 1, 5, 6, 3]
62: [2, 4, 6, 1, 5, 3]
63: [3, 5, 2, 6, 1, 4]
64: [4, 5, 1, 3, 6, 2]
65: [6, 5, 3, 1, 2, 4]
66: [4, 5, 1, 3, 2, 6]
67: [3, 4, 1, 2, 6, 5]
68: [2, 1, 5, 6, 3, 4]
69: [2, 4, 1, 6, 5, 3]
70: [4, 3, 2, 6, 1, 5]
71: [3, 5, 6, 1, 2, 4]
72: [6, 4, 3, 5, 2, 1]
73: [6, 1, 2, 4, 5, 3]
74: [3, 1, 4, 2, 6, 5]
75: [2, 4, 3, 6, 1, 5]
76: [2, 6, 3, 1, 5, 4]
77: [5, 4, 3, 6, 2, 1]
78: [6, 3, 5, 2, 4, 1]
79: [3, 4, 6, 1, 2, 5]
80: [6, 4, 3, 2, 5, 1]
81: [4, 6, 1, 5, 2, 3]
82: [6, 5, 3, 4, 1, 2]
83: [4, 3, 1, 6, 2, 5]
84: [3, 2, 5, 6, 1, 4]
85: [3, 6, 2, 1, 5, 4]
86: [5, 3, 6, 1, 4, 2]
87: [3, 4, 1, 6, 5, 2]
88: [1, 4, 2, 6, 5, 3]
89: [6, 3, 2, 4, 1, 5]
90: [5, 2, 3, 6, 1, 4]
91: [5, 2, 6, 1, 3, 4]
92: [4, 3, 1, 5, 6, 2]
93: [4, 5, 3, 2, 6, 1]
94: [5, 3, 1, 4, 6, 2]
95: [3, 4, 1, 2, 5, 6]
96: [2, 6, 1, 3, 5, 4]
97: [2, 6, 3, 1, 4, 5]
98: [3, 1, 2, 5, 6, 4]
99: [2, 3, 4, 1, 5, 6]
100: [3, 1, 2, 6, 5, 4]
101: [4, 1, 3, 2, 6, 5]
102: [2, 1, 4, 3, 5, 6]
103: [2, 4, 6, 1, 5, 3]
104: [5, 3, 2, 1, 4, 6]
105: [2, 4, 3, 6, 5, 1]
106: [2, 6, 5, 4, 3, 1]
107: [4, 3, 1, 5, 2, 6]
108: [1, 5, 4, 3, 6, 2]
109: [1, 2, 5, 4, 3, 6]
110: [3, 2, 5, 4, 6, 1]
111: [6, 3, 4, 5, 2, 1]
112: [1, 5, 4, 6, 2, 3]
113: [5, 1, 2, 4, 3, 6]
114: [6, 5, 1, 2, 3, 4]
115: [5, 2, 1, 3, 4, 6]
116: [6, 1, 3, 4, 5, 2]
117: [4, 3, 1, 2, 5, 6]
118: [3, 6, 4, 5, 2, 1]
119: [2, 6, 3, 5, 1, 4]
120: [6, 3, 1, 2, 5, 4]
121: [3, 2, 6, 1, 4, 5]
122: [6, 1, 3, 5, 4, 2]
123: [4, 5, 2, 3, 6, 1]
124: [2, 4, 3, 6, 1, 5]
125: [6, 2, 5, 4, 1, 3]
126: [4, 6, 2, 5, 3, 1]
127: [6, 5, 3, 2, 1, 4]
128: [6, 4, 2, 1, 5, 3]
129: [6, 5, 3, 1, 2, 4]
130: [1, 2, 4, 6, 3, 5]
131: [3, 2, 6, 4, 5, 1]
132: [3, 2, 1, 6, 5, 4]
133: [2, 5, 1, 3, 4, 6]
134: [3, 6, 4, 2, 1, 5]
135: [6, 4, 2, 1, 5, 3]
136: [5, 6, 4, 3, 1, 2]
137: [6, 1, 4, 5, 2, 3]
138: [6, 5, 1, 4, 3, 2]
139: [2, 5, 4, 3, 1, 6]
140: [1, 3, 6, 4, 2, 5]
141: [1, 3, 5, 2, 4, 6]
142: [6, 3, 4, 1, 2, 5]
143: [2, 4, 5, 1, 3, 6]
144: [3, 4, 1, 2, 6, 5]
145: [2, 5, 4, 1, 6, 3]
146: [3, 4, 1, 5, 6, 2]
147: [3, 5, 4, 2, 6, 1]
148: [1, 3, 4, 2, 6, 5]
149: [6, 4, 2, 3, 5, 1]
150: [3, 5, 2, 1, 4, 6]
151: [3, 2, 1, 6, 4, 5]
152: [2, 5, 3, 4, 1, 6]
153: [6, 5, 1, 2, 4, 3]
154: [6, 2, 4, 3, 5, 1]
155: [5, 3, 2, 4, 1, 6]
156: [1, 6, 4, 3, 2, 5]
157: [2, 3, 6, 5, 4, 1]
158: [6, 1, 3, 4, 2, 5]
159: [5, 6, 4, 3, 2, 1]
160: [6, 1, 4, 5, 2, 3]
161: [2, 5, 4, 3, 6, 1]
162: [1, 2, 3, 6, 4, 5]
163: [3, 6, 4, 1, 5, 2]
164: [2, 3, 1, 6, 4, 5]
165: [1, 5, 2, 4, 6, 3]
166: [5, 4, 2, 3, 6, 1]
167: [6, 2, 5, 3, 4, 1]
168: [3, 5, 6, 2, 1, 4]
169: [6, 2, 4, 5, 1, 3]
170: [3, 5, 6, 2, 1, 4]
171: [2, 4, 5, 3, 1, 6]
172: [4, 1, 6, 5, 2, 3]
173: [3, 6, 2, 1, 5, 4]
174: [6, 3, 2, 5, 4, 1]
175: [5, 4, 2, 3, 6, 1]
176: [3, 4, 2, 1, 5, 6]
177: [3, 1, 5, 2, 6, 4]
178: [4, 1, 5, 6, 2, 3]
179: [5, 1, 6, 2, 4, 3]
180: [3, 2, 1, 4, 6, 5]
181: [2, 4, 6, 1, 3, 5]
182: [2, 5, 6, 4, 1, 3]
183: [4, 3, 6, 1, 5, 2]
184: [1, 2, 6, 4, 3, 5]
185: [5, 2, 3, 6, 4, 1]
186: [5, 6, 1, 2, 3, 4]
187: [6, 1, 5, 2, 4, 3]
188: [5, 4, 3, 1, 6, 2]
189: [6, 4, 5, 3, 1, 2]
190: [5, 4, 2, 1, 6, 3]
191: [2, 1, 5, 6, 3, 4]
192: [1, 6, 2, 4, 5, 3]
193: [2, 4, 1, 3, 6, 5]
194: [2, 6, 4, 5, 1, 3]
195: [4, 5, 6, 2, 1, 3]
196: [2, 4, 5, 3, 6, 1]
197: [6, 2, 5, 3, 4, 1]
198: [1, 6, 2, 5, 3, 4]
199: [5, 2, 6, 1, 3, 4]
200: [1, 4, 6, 5, 2, 3]
201: [3, 2, 5, 4, 6, 1]
202: [5, 2, 4, 3, 1, 6]
203: [5, 2, 3, 1, 4, 6]
204: [5, 1, 6, 3, 4, 2]
205: [6, 3, 4, 5, 1, 2]
206: [5, 2, 6, 3, 4, 1]
207: [2, 6, 5, 1, 4, 3]
208: [3, 6, 5, 2, 4, 1]
209: [4, 1, 5, 3, 2, 6]
210: [4, 6, 3, 5, 2, 1]
211: [5, 1, 4, 3, 2, 6]
212: [6, 5, 3, 4, 2, 1]
213: [6, 3, 5, 4, 2, 1]
214: [2, 4, 5, 3, 1, 6]
215: [1, 2, 3, 4, 6, 5]
216: [6, 5, 4, 3, 1, 2]
217: [6, 3, 2, 5, 4, 1]
218: [6, 1, 2, 5, 3, 4]
219: [5, 3, 2, 4, 6, 1]
220: [6, 1, 2, 5, 3, 4]
221: [1, 5, 2, 6, 4, 3]
222: [4, 6, 1, 5, 3, 2]
223: [6, 2, 4, 3, 5, 1]
224: [6, 3, 2, 1, 4, 5]
225: [1, 5, 4, 3, 6, 2]
226: [1, 2, 3, 6, 4, 5]
227: [5, 4, 6, 1, 3, 2]
228: [1, 3, 6, 4, 2, 5]
229: [5, 3, 6, 2, 4, 1]
230: [6, 4, 5, 2, 1, 3]
231: [6, 5, 3, 2, 4, 1]
232: [4, 5, 6, 2, 1, 3]
233: [5, 2, 4, 6, 1, 3]
234: [1, 3, 4, 5, 6, 2]
235: [5, 4, 1, 6, 2, 3]
236: [4, 2, 1, 3, 5, 6]
237: [6, 4, 3, 5, 2, 1]
238: [1, 3, 5, 6, 2, 4]
239: [2, 6, 5, 3, 1, 4]
240: [6, 1, 4, 3, 2, 5]
241: [6, 3, 2, 5, 1, 4]
242: [5, 1, 4, 2, 6, 3]
243: [1, 2, 6, 3, 4, 5]
244: [6, 4, 1, 3, 2, 5]
245: [6, 2, 4, 3, 1, 5]
246: [3, 1, 6, 4, 5, 2]
247: [6, 4, 2, 3, 5, 1]
248: [5, 6, 1, 3, 2, 4]
249: [1, 4, 5, 3, 6, 2]
250: [4, 1, 3, 5, 6, 2]
251: [1, 5, 3, 6, 2, 4]
252: [3, 1, 6, 4, 5, 2]
253: [6, 2, 3, 1, 4, 5]
254: [5, 2, 4, 6, 1, 3]
255: [4, 6, 5, 2, 1, 3]
256: [2, 4, 6, 1, 3, 5]
257: [2, 3, 1, 4, 5, 6]
258: [6, 4, 3, 2, 1, 5]
259: [4, 6, 3, 5, 1, 2]
260: [3, 5, 6, 2, 1, 4]
261: [2, 4, 6, 3, 5, 1]
262: [3, 2, 4, 6, 5, 1]
263: [4, 6, 1, 2, 5, 3]
264: [2, 6, 1, 4, 3, 5]
265: [1, 2, 5, 3, 4, 6]
266: [4, 5, 1, 6, 3, 2]
267: [6, 1, 5, 4, 2, 3]
268: [4, 1, 5, 3, 6, 2]
269: [1, 3, 4, 2, 6, 5]
270: [2, 3, 4, 5, 6, 1]
271: [4, 2, 5, 1, 3, 6]
272: [1, 2, 6, 5, 3, 4]
273: [2, 3, 1, 5, 6, 4]
274: [3, 6, 5, 2, 1, 4]
275: [1, 2, 3, 5, 6, 4]
276: [6, 4, 1, 2, 5, 3]
277: [6, 5, 4, 2, 3, 1]
278: [1, 3, 5, 4, 6, 2]
279: [4, 3, 6, 5, 2, 1]
280: [4, 3, 5, 2, 6, 1]
281: [5, 2, 6, 3, 1, 4]
282: [5, 1, 2, 6, 3, 4]
283: [2, 5, 4, 1, 3, 6]
284: [6, 1, 5, 4, 3, 2]
285: [6, 5, 4, 3, 1, 2]
286: [5, 6, 2, 1, 4, 3]
287: [5, 6, 1, 2, 3, 4]
288: [4, 3, 5, 1, 6, 2]
289: [5, 1, 6, 3, 4, 2]
290: [6, 5, 1, 3, 2, 4]
291: [4, 3, 1, 6, 2, 5]
292: [2, 5, 3, 1, 6, 4]
293: [3, 2, 4, 5, 6, 1]
294: [1, 3, 4, 2, 6, 5]
295: [6, 5, 2, 1, 4, 3]
296: [2, 3, 6, 1, 5, 4]
297: [3, 6, 2, 5, 1, 4]
298: [4, 2, 3, 6, 1, 5]
299: [3, 5, 1, 6, 2, 4]
300: [1, 4, 6, 5, 3, 2]
301: [6, 2, 5, 3, 4, 1]
302: [6, 4, 2, 3, 5, 1]
303: [4, 3, 1, 5, 2, 6]
304: [2, 4, 3, 5, 6, 1]
305: [5, 2, 1, 6, 3, 4]
306: [4, 6, 2, 3, 1, 5]
307: [1, 4, 6, 2, 5, 3]
308: [1, 4, 5, 2, 3, 6]
309: [2, 3, 1, 6, 4, 5]
310: [5, 4, 2, 3, 6, 1]
311: [3, 5, 4, 1, 6, 2]
312: [5, 3, 1, 6, 2, 4]
313: [1, 5, 3, 4, 2, 6]
314: [6, 1, 3, 2, 5, 4]
315: [5, 6, 2, 3, 1, 4]
316: [1, 2, 3, 6, 5, 4]
317: [3, 4, 1, 5, 6, 2]
318: [2, 6, 3, 5, 4, 1]
319: [6, 1, 2, 5, 3, 4]
320: [5, 4, 6, 1, 2, 3]
321: [6, 5, 1, 3, 2, 4]
322: [3, 1, 2, 4, 5, 6]
323: [6, 2, 3, 1, 4, 5]
324: [1, 4, 5, 3, 2, 6]
325: [3, 6, 4, 2, 5, 1]
326: [1, 2, 6, 5, 3, 4]
327: [6, 2, 1, 5, 4, 3]
328: [3, 4, 5, 2, 1, 6]
329: [4, 1, 2, 5, 3, 6]
330: [4, 2, 5, 3, 1, 6]
331: [1, 5, 3, 4, 2, 6]
332: [1, 5, 4, 2, 6, 3]
333: [5, 4, 1, 3, 6, 2]
334: [3, 2, 6, 1, 4, 5]
335: [6, 4, 5, 1, 2, 3]
336: [5, 2, 1, 6, 3, 4]
337: [6, 3, 4, 2, 5, 1]
338: [6, 4, 2, 5, 1, 3]
339: [5, 4, 3, 6, 2, 1]
340: [5, 2, 3, 6, 4, 1]
341: [3, 5, 4, 6, 2, 1]
342: [3, 4, 1, 5, 2, 6]
343: [2, 5, 1, 3, 6, 4]
344: [2, 5, 6, 1, 3, 4]
345: [1, 2, 5, 4, 3, 6]
346: [6, 2, 1, 5, 4, 3]
347: [6, 2, 4, 3, 1, 5]
348: [2, 4, 3, 1, 6, 5]
349: [6, 1, 2, 4, 5, 3]
350: [1, 2, 3, 5, 6, 4]
351: [1, 5, 4, 6, 2, 3]
352: [1, 3, 4, 5, 2, 6]
353: [2, 1, 4, 6, 3, 5]
354: [1, 4, 6, 3, 5, 2]
355: [5, 1, 6, 3, 4, 2]
356: [3, 2, 1, 6, 4, 5]
357: [2, 5, 1, 4, 3, 6]
358: [1, 2, 6, 3, 4, 5]
359: [4, 3, 2, 5, 1, 6]
360: [3, 2, 5, 1, 4, 6]
361: [2, 6, 5, 3, 4, 1]
362: [1, 3, 4, 6, 2, 5]
363: [6, 2, 4, 3, 5, 1]
364: [2, 6, 3, 1, 5, 4]
365: [3, 6, 2, 4, 5, 1]
366: [1, 2, 6, 4, 3, 5]
367: [5, 1, 3, 4, 6, 2]
368: [4, 3, 5, 6, 1, 2]
369: [4, 2, 3, 5, 1, 6]
370: [3, 4, 2, 6, 1, 5]
371: [6, 5, 4, 3, 2, 1]
372: [1, 3, 6, 2, 5, 4]
373: [6, 5, 3, 2, 1, 4]
374: [2, 6, 4, 3, 5, 1]
375: [4, 1, 3, 2, 6, 5]
376: [1, 4, 2, 6, 5, 3]
377: [2, 1, 4, 6, 5, 3]
378: [5, 3, 1, 4, 6, 2]
379: [5, 2, 6, 1, 4, 3]
380: [3, 4, 1, 2, 6, 5]
381: [4, 3, 1, 6, 5, 2]
382: [4, 6, 5, 3, 2, 1]
383: [6, 4, 3, 2, 5, 1]
384: [6, 3, 4, 2, 1, 5]
385: [3, 2, 4, 5, 6, 1]
386: [4, 5, 1, 6, 2, 3]
387: [1, 5, 3, 6, 4, 2]
388: [5, 4, 6, 1, 3, 2]
389: [6, 5, 1, 2, 4, 3]
390: [1, 3, 5, 4, 6, 2]
391: [1, 3, 6, 5, 4, 2]
392: [4, 1, 5, 2, 3, 6]
393: [4, 5, 3, 1, 6, 2]
394: [3, 6, 2, 1, 5, 4]
395: [5, 3, 6, 2, 1, 4]
396: [4, 6, 1, 5, 3, 2]
397: [1, 3, 5, 6, 4, 2]
398: [2, 4, 6, 5, 1, 3]
399: [4, 5, 6, 2, 3, 1]
400: [5, 4, 3, 2, 6, 1]
401: [4, 6, 5, 3, 1, 2]
402: [1, 5, 6, 3, 2, 4]
403: [1, 2, 4, 3, 5, 6]
404: [3, 2, 4, 1, 6, 5]
405: [5, 4, 2, 3, 1, 6]
406: [1, 3, 6, 5, 4, 2]
407: [5, 2, 4, 3, 1, 6]
408: [1, 6, 3, 2, 4, 5]
409: [4, 1, 3, 5, 6, 2]
410: [2, 3, 6, 4, 1, 5]
411: [2, 1, 4, 3, 6, 5]
412: [2, 3, 5, 1, 4, 6]
413: [5, 6, 4, 3, 1, 2]
414: [2, 5, 6, 3, 1, 4]
415: [4, 2, 5, 1, 3, 6]
416: [1, 6, 3, 2, 4, 5]
417: [2, 4, 6, 3, 5, 1]
418: [1, 3, 2, 6, 5, 4]
419: [4, 2, 5, 1, 3, 6]
420: [6, 3, 5, 2, 1, 4]
421: [1, 5, 2, 6, 3, 4]
422: [5, 6, 2, 4, 3, 1]
423: [3, 2, 6, 4, 1, 5]
424: [5, 3, 4, 1, 2, 6]
425: [3, 1, 2, 4, 6, 5]
426: [6, 5, 4, 1, 3, 2]
427: [4, 3, 5, 6, 1, 2]
428: [6, 1, 2, 5, 4, 3]
429: [5, 1, 2, 3, 6, 4]
430: [6, 4, 2, 1, 5, 3]
431: [2, 6, 3, 1, 4, 5]
432: [4, 6, 5, 3, 2, 1]
433: [6, 4, 3, 1, 2, 5]
434: [4, 6, 3, 1, 2, 5]
435: [5, 1, 4, 2, 6, 3]
436: [3, 5, 2, 4, 1, 6]
437: [3, 4, 5, 2, 1, 6]
438: [5, 6, 2, 3, 1, 4]
439: [5, 2, 3, 4, 6, 1]
440: [1, 3, 5, 2, 6, 4]
441: [1, 5, 6, 4, 2, 3]
442: [2, 5, 6, 4, 3, 1]
443: [5, 2, 1, 3, 4, 6]
444: [3, 5, 4, 6, 2, 1]
445: [6, 5, 1, 3, 2, 4]
446: [4, 6, 1, 3, 5, 2]
447: [5, 4, 2, 3, 1, 6]
448: [5, 6, 2, 4, 3, 1]
449: [1, 5, 6, 2, 3, 4]
450: [2, 6, 1, 4, 5, 3]
451: [5, 3, 2, 1, 4, 6]
452: [2, 4, 5, 1, 6, 3]
453: [6, 2, 4, 5, 1, 3]
454: [4, 6, 2, 5, 1, 3]
455: [1, 6, 5, 4, 2, 3]
456: [2, 1, 6, 4, 3, 5]
457: [5, 3, 6, 2, 1, 4]
458: [5, 3, 2, 4, 1, 6]
459: [2, 4, 1, 6, 3, 5]
460: [4, 3, 5, 6, 2, 1]
461: [3, 5, 6, 1, 2, 4]
462: [4, 2, 3, 6, 1, 5]
463: [2, 4, 5, 3, 6, 1]
464: [3, 5, 1, 6, 4, 2]
465: [6, 2, 4, 1, 3, 5]
466: [6, 4, 2, 5, 1, 3]
467: [6, 1, 2, 4, 5, 3]
468: [5, 2, 1, 3, 6, 4]
469: [1, 4, 6, 2, 5, 3]
470: [2, 5, 1, 4, 3, 6]
471: [1, 6, 2, 3, 5, 4]
472: [2, 4, 6, 5, 3, 1]
473: [4, 5, 2, 6, 3, 1]
474: [5, 3, 2, 4, 6, 1]
475: [5, 2, 6, 1, 4, 3]
476: [2, 3, 4, 6, 1, 5]
477: [3, 2, 6, 5, 4, 1]
478: [4, 3, 5, 2, 6, 1]
479: [5, 2, 1, 3, 4, 6]
480: [3, 6, 2, 1, 4, 5]
481: [6, 2, 3, 5, 1, 4]
482: [6, 4, 2, 5, 3, 1]
483: [1, 6, 4, 3, 2, 5]
484: [3, 4, 5, 2, 1, 6]
485: [1, 6, 2, 4, 5, 3]
486: [1, 3, 4, 2, 6, 5]
487: [2, 3, 1, 4, 5, 6]
488: [2, 6, 1, 3, 4, 5]
489: [3, 4, 2, 1, 5, 6]
490: [6, 3, 1, 5, 2, 4]
491: [5, 1, 6, 3, 4, 2]
492: [2, 4, 1, 3, 5, 6]
493: [4, 1, 5, 3, 2, 6]
494: [4, 1, 3, 6, 5, 2]
495: [3, 1, 4, 6, 2, 5]
496: [2, 3, 6, 1, 4, 5]
497: [5, 4, 2, 3, 6, 1]
498: [4, 2, 6, 3, 1, 5]
499: [2, 1, 5, 4, 6, 3]
500: [2, 3, 4, 1, 6, 5]
501: [1, 5, 2, 6, 3, 4]
502: [1, 5, 2, 3, 6, 4]
503: [3, 1, 5, 2, 6, 4]
504: [1, 6, 5, 3, 4, 2]
505: [5, 2, 6, 3, 1, 4]
506: [1, 3, 5, 2, 4, 6]
507: [5, 2, 4, 3, 6, 1]
508: [4, 3, 2, 1, 5, 6]
509: [6, 5, 3, 2, 1, 4]
510: [6, 2, 3, 5, 4, 1]
511: [5, 4, 1, 2, 3, 6]
512: [5, 1, 4, 3, 6, 2]
513: [1, 4, 5, 2, 3, 6]
514: [3, 4, 6, 1, 5, 2]
515: [5, 6, 1, 4, 3, 2]
516: [6, 5, 1, 3, 2, 4]
517: [4, 6, 5, 1, 2, 3]
518: [1, 4, 5, 2, 3, 6]
519: [6, 3, 1, 5, 2, 4]
520: [2, 3, 4, 5, 6, 1]
521: [4, 2, 5, 1, 3, 6]
522: [4, 6, 1, 3, 2, 5]
523: [2, 1, 5, 4, 6, 3]
524: [1, 5, 2, 4, 3, 6]
525: [3, 4, 1, 2, 5, 6]
526: [1, 6, 4, 5, 3, 2]
527: [2, 3, 6, 4, 1, 5]
528: [3, 6, 2, 4, 5, 1]
529: [1, 6, 4, 2, 5, 3]
530: [1, 5, 2, 4, 3, 6]
531: [2, 1, 4, 6, 3, 5]
532: [5, 4, 3, 6, 1, 2]
533: [5, 2, 4, 3, 6, 1]
534: [5, 6, 3, 2, 4, 1]
535: [6, 1, 4, 5, 2, 3]
536: [3, 4, 1, 2, 5, 6]
537: [4, 5, 2, 6, 1, 3]
538: [6, 1, 5, 3, 2, 4]
539: [3, 2, 6, 4, 5, 1]
540: [2, 1, 6, 4, 5, 3]
541: [5, 3, 4, 2, 1, 6]
542: [6, 3, 4, 2, 5, 1]
543: [3, 1, 2, 5, 6, 4]
544: [1, 4, 6, 3, 5, 2]
545: [6, 4, 5, 3, 1, 2]
546: [6, 1, 3, 4, 5, 2]
547: [3, 2, 5, 1, 6, 4]
548: [3, 6, 4, 2, 5, 1]
549: [4, 3, 5, 2, 1, 6]
550: [4, 5, 3, 1, 6, 2]
551: [3, 5, 1, 4, 2, 6]
552: [5, 1, 3, 2, 4, 6]
553: [6, 2, 4, 3, 1, 5]
554: [1, 5, 3, 4, 6, 2]
555: [4, 6, 1, 3, 5, 2]
556: [5, 2, 6, 3, 4, 1]
557: [1, 6, 2, 3, 4, 5]
558: [2, 3, 6, 4, 1, 5]
559: [4, 3, 6, 2, 1, 5]
560: [6, 5, 3, 2, 4, 1]
561: [4, 1, 2, 6, 3, 5]
562: [2, 5, 4, 1, 3, 6]
563: [5, 6, 1, 4, 3, 2]
564: [3, 5, 1, 2, 6, 4]
565: [5, 3, 4, 6, 2, 1]
566: [4, 1, 3, 2, 6, 5]
567: [6, 4, 1, 2, 5, 3]
568: [5, 1, 2, 6, 3, 4]
569: [3, 5, 6, 4, 2, 1]
570: [2, 3, 6, 4, 5, 1]
571: [5, 6, 1, 4, 2, 3]
572: [6, 1, 2, 3, 4, 5]
573: [3, 5, 6, 1, 4, 2]
574: [1, 2, 5, 6, 4, 3]
575: [1, 3, 4, 5, 6, 2]
576: [6, 3, 1, 4, 2, 5]
577: [5, 2, 3, 6, 4, 1]
578: [1, 5, 4, 2, 6, 3]
579: [2, 6, 3, 5, 1, 4]
580: [4, 2, 1, 6, 5, 3]
581: [5, 1, 4, 3, 2, 6]
582: [5, 3, 4, 2, 1, 6]
583: [3, 4, 6, 5, 1, 2]
584: [3, 5, 1, 2, 6, 4]
585: [3, 2, 4, 6, 1, 5]
586: [5, 1, 2, 6, 3, 4]
587: [1, 2, 6, 5, 3, 4]
588: [1, 6, 4, 2, 3, 5]
589: [3, 5, 2, 1, 4, 6]
590: [2, 4, 1, 6, 3, 5]
591: [4, 6, 1, 3, 2, 5]
592: [1, 5, 4, 2, 6, 3]
593: [4, 6, 1, 5, 3, 2]
594: [4, 2, 3, 5, 6, 1]
595: [1, 2, 4, 3, 5, 6]
596: [5, 3, 4, 6, 2, 1]
597: [2, 5, 3, 4, 6, 1]
598: [3, 5, 1, 4, 6, 2]
599: [1, 2, 6, 3, 4, 5]
600: [4, 2, 5, 6, 3, 1]
601: [2, 1, 5, 6, 3, 4]
602: [5, 6, 2, 3, 1, 4]
603: [5, 3, 4, 2, 1, 6]
604: [5, 1, 3, 6, 2, 4]
605: [6, 4, 2, 1, 5, 3]
606: [4, 3, 2, 5, 1, 6]
607: [1, 6, 2, 3, 5, 4]
608: [5, 2, 1, 6, 4, 3]
609: [2, 4, 5, 6, 3, 1]
610: [3, 4, 1, 2, 6, 5]
611: [1, 4, 5, 2, 3, 6]
612: [6, 5, 2, 4, 3, 1]
613: [1, 4, 3, 2, 6, 5]
614: [2, 4, 1, 5, 3, 6]
615: [4, 5, 2, 6, 1, 3]
616: [3, 4, 1, 5, 6, 2]
617: [5, 6, 1, 4, 2, 3]
618: [5, 1, 4, 2, 3, 6]
619: [1, 3, 4, 6, 2, 5]
620: [4, 3, 1, 5, 6, 2]
621: [1, 5, 6, 4, 3, 2]
622: [6, 4, 2, 3, 1, 5]
623: [3, 1, 2, 4, 6, 5]
624: [5, 4, 3, 2, 1, 6]
625: [6, 1, 4, 2, 3, 5]
626: [6, 5, 3, 1, 2, 4]
627: [6, 3, 1, 5, 2, 4]
628: [2, 6, 1, 3, 4, 5]
629: [2, 1, 6, 5, 3, 4]
630: [4, 3, 1, 6, 5, 2]
631: [5, 1, 4, 2, 3, 6]
632: [2, 1, 4, 6, 5, 3]
633: [2, 3, 5, 1, 6, 4]
634: [6, 4, 5, 3, 2, 1]
635: [4, 1, 5, 3, 2, 6]
636: [3, 6, 5, 1, 4, 2]
637: [6, 5, 3, 1, 4, 2]
638: [6, 2, 3, 5, 4, 1]
639: [2, 4, 3, 6, 1, 5]
640: [5, 1, 6, 2, 4, 3]
641: [3, 6, 4, 5, 1, 2]
642: [2, 1, 6, 3, 4, 5]
643: [4, 3, 5, 6, 2, 1]
644: [3, 5, 6, 1, 2, 4]
645: [4, 6, 5, 3, 1, 2]
646: [2, 1, 5, 6, 3, 4]
647: [3, 6, 5, 4, 1, 2]
648: [1, 5, 3, 2, 6, 4]
649: [6, 1, 3, 2, 4, 5]
650: [3, 5, 2, 1, 4, 6]
651: [5, 2, 1, 6, 4, 3]
652: [2, 1, 4, 6, 3, 5]
653: [2, 5, 4, 3, 6, 1]
654: [5, 3, 6, 1, 4, 2]
655: [4, 3, 6, 5, 1, 2]
656: [3, 1, 6, 2, 4, 5]
657: [2, 5, 6, 3, 4, 1]
658: [6, 5, 4, 1, 3, 2]
659: [6, 4, 5, 1, 2, 3]
660: [6, 5, 4, 1, 2, 3]
661: [1, 2, 4, 6, 5, 3]
662: [1, 2, 6, 3, 4, 5]
663: [6, 5, 3, 2, 4, 1]
664: [2, 5, 1, 4, 3, 6]
665: [2, 6, 1, 5, 4, 3]
666: [2, 6, 5, 3, 1, 4]
667: [2, 3, 5, 6, 1, 4]
668: [2, 4, 6, 5, 1, 3]
669: [5, 3, 6, 2, 4, 1]
670: [4, 2, 5, 6, 3, 1]
671: [6, 4, 1, 5, 2, 3]
672: [3, 5, 2, 1, 6, 4]
673: [3, 4, 5, 6, 1, 2]
674: [6, 1, 4, 5, 2, 3]
675: [2, 1, 5, 3, 6, 4]
676: [5, 3, 2, 6, 1, 4]
677: [6, 3, 5, 2, 1, 4]
678: [5, 6, 3, 4, 1, 2]
679: [6, 1, 3, 5, 4, 2]
680: [6, 1, 4, 2, 5, 3]
681: [3, 4, 1, 6, 5, 2]
682: [3, 2, 6, 4, 1, 5]
683: [5, 6, 3, 4, 1, 2]
684: [5, 6, 1, 4, 2, 3]
685: [1, 3, 2, 6, 4, 5]
686: [1, 4, 6, 3, 5, 2]
687: [6, 1, 5, 2, 4, 3]
688: [2, 4, 3, 1, 6, 5]
689: [5, 6, 1, 3, 2, 4]
690: [6, 4, 1, 3, 5, 2]
691: [4, 5, 2, 6, 1, 3]
692: [2, 4, 5, 1, 6, 3]
693: [5, 3, 2, 4, 1, 6]
694: [6, 3, 2, 5, 4, 1]
695: [3, 5, 1, 4, 2, 6]
696: [6, 3, 2, 4, 1, 5]
697: [1, 2, 4, 3, 5, 6]
698: [5, 3, 6, 1, 4, 2]
699: [4, 3, 1, 2, 6, 5]
700: [3, 4, 6, 5, 2, 1]
701: [3, 6, 1, 5, 2, 4]
702: [1, 2, 5, 3, 4, 6]
703: [4, 2, 5, 6, 1, 3]
704: [4, 6, 5, 2, 3, 1]
705: [3, 4, 5, 2, 6, 1]
706: [6, 3, 5, 2, 4, 1]
707: [5, 2, 3, 1, 4, 6]
708: [3, 6, 5, 1, 2, 4]
709: [3, 6, 4, 1, 2, 5]
710: [1, 6, 5, 3, 4, 2]
711: [6, 4, 3, 2, 1, 5]
712: [5, 2, 1, 6, 3, 4]
713: [2, 6, 4, 3, 5, 1]
714: [6, 2, 5, 3, 1, 4]
715: [3, 6, 4, 5, 1, 2]
716: [5, 3, 1, 2, 4, 6]
717: [6, 3, 5, 2, 4, 1]
718: [1, 3, 2, 6, 5, 4]
719: [2, 6, 4, 5, 1, 3]
720: [1, 2, 5, 6, 4, 3]
721: [6, 1, 5, 3, 4, 2]
722: [6, 4, 2, 5, 1, 3]
723: [1, 6, 3, 2, 4, 5]
724: [5, 6, 4, 3, 2, 1]
725: [2, 1, 3, 5, 6, 4]
726: [1, 3, 6, 4, 5, 2]
727: [1, 4, 3, 2, 5, 6]
728: [4, 6, 3, 2, 5, 1]
729: [4, 5, 6, 3, 2, 1]
730: [1, 2, 4, 6, 5, 3]
731: [2, 5, 1, 6, 4, 3]
732: [5, 3, 6, 2, 1, 4]
733: [6, 3, 1, 5, 4, 2]
734: [4, 1, 3, 5, 2, 6]
735: [6, 5, 4, 3, 2, 1]
736: [6, 5, 2, 3, 4, 1]
737: [5, 1, 6, 3, 4, 2]
738: [3, 5, 6, 4, 1, 2]
739: [5, 4, 1, 2, 3, 6]
740: [1, 5, 6, 4, 2, 3]
741: [3, 6, 2, 5, 4, 1]
742: [3, 1, 2, 5, 6, 4]
743: [5, 1, 2, 4, 6, 3]
744: [5, 6, 4, 1, 2, 3]
745: [6, 5, 1, 3, 4, 2]
746: [1, 6, 2, 5, 3, 4]
747: [3, 1, 6, 2, 5, 4]
748: [3, 1, 4, 2, 5, 6]
749: [1, 3, 5, 6, 2, 4]
750: [5, 6, 4, 1, 2, 3]
751: [3, 6, 1, 2, 5, 4]
752: [3, 1, 6, 2, 5, 4]
753: [2, 4, 1, 3, 5, 6]
754: [3, 1, 5, 4, 2, 6]
755: [1, 5, 6, 3, 4, 2]
756: [5, 2, 6, 1, 4, 3]
757: [2, 3, 6, 4, 5, 1]
758: [6, 5, 3, 2, 4, 1]
759: [5, 1, 4, 3, 2, 6]
760: [1, 3, 4, 5, 6, 2]
761: [4, 2, 5, 3, 1, 6]
762: [6, 2, 5, 4, 3, 1]
763: [3, 4, 2, 5, 1, 6]
764: [5, 6, 1, 2, 3, 4]
765: [6, 2, 4, 5, 1, 3]
766: [4, 6, 1, 3, 5, 2]
767: [1, 4, 5, 6, 2, 3]
768: [2, 6, 4, 1, 3, 5]
769: [4, 3, 1, 2, 6, 5]
770: [3, 4, 5, 6, 1, 2]
771: [5, 2, 6, 4, 1, 3]
772: [6, 3, 4, 2, 5, 1]
773: [6, 5, 3, 2, 4, 1]
774: [4, 3, 5, 2, 6, 1]
775: [2, 3, 4, 6, 1, 5]
776: [3, 4, 5, 2, 1, 6]
777: [3, 2, 6, 1, 5, 4]
778: [2, 1, 3, 4, 6, 5]
779: [6, 4, 1, 3, 2, 5]
780: [4, 1, 2, 3, 6, 5]
781: [5, 2, 4, 1, 6, 3]
782: [3, 6, 2, 1, 5, 4]
783: [4, 6, 1, 5, 2, 3]
784: [4, 2, 3, 6, 5, 1]
785: [2, 5, 6, 4, 3, 1]
786: [1, 6, 3, 2, 4, 5]
787: [5, 6, 2, 4, 3, 1]
788: [6, 1, 4, 5, 3, 2]
789: [4, 1, 2, 3, 5, 6]
790: [1, 3, 6, 5, 2, 4]
791: [2, 1, 5, 4, 3, 6]
792: [1, 2, 4, 6, 3, 5]
793: [3, 2, 5, 1, 4, 6]
794: [4, 5, 2, 3, 6, 1]
795: [1, 5, 6, 2, 3, 4]
796: [4, 1, 2, 6, 3, 5]
797: [2, 3, 1, 5, 4, 6]
798: [3, 4, 6, 2, 5, 1]
799: [4, 1, 6, 5, 3, 2]
800: [3, 5, 6, 4, 2, 1]
801: [3, 1, 6, 5, 4, 2]
802: [2, 4, 3, 5, 6, 1]
803: [6, 4, 2, 3, 1, 5]
804: [3, 4, 5, 6, 1, 2]
805: [5, 3, 1, 4, 2, 6]
806: [6, 5, 1, 3, 4, 2]
807: [4, 6, 1, 2, 5, 3]
808: [1, 3, 4, 2, 5, 6]
809: [6, 1, 3, 4, 5, 2]
810: [2, 6, 5, 3, 4, 1]
811: [4, 3, 2, 1, 5, 6]
812: [6, 5, 2, 3, 1, 4]
813: [2, 4, 3, 1, 5, 6]
814: [6, 1, 3, 4, 5, 2]
815: [5, 1, 2, 6, 3, 4]
816: [5, 3, 4, 2, 6, 1]
817: [5, 2, 4, 1, 6, 3]
818: [3, 5, 6, 1, 4, 2]
819: [1, 2, 3, 6, 4, 5]
820: [5, 2, 4, 6, 3, 1]
821: [6, 5, 2, 3, 4, 1]
822: [3, 4, 2, 1, 6, 5]
823: [3, 6, 5, 4, 2, 1]
824: [4, 6, 5, 2, 3, 1]
825: [3, 2, 1, 5, 6, 4]
826: [1, 5, 3, 6, 4, 2]
827: [3, 2, 5, 1, 6, 4]
828: [5, 1, 6, 4, 3, 2]
829: [5, 4, 1, 2, 3, 6]
830: [5, 1, 2, 6, 3, 4]
831: [1, 4, 6, 3, 2, 5]
832: [1, 3, 6, 4, 2, 5]
833: [3, 6, 2, 1, 4, 5]
834: [1, 4, 6, 3, 2, 5]
835: [2, 5, 1, 6, 4, 3]
836: [1, 4, 6, 3, 2, 5]
837: [2, 3, 5, 6, 1, 4]
838: [3, 1, 4, 6, 5, 2]
839: [6, 2, 1, 4, 3, 5]
840: [6, 5, 2, 3, 4, 1]
841: [6, 5, 4, 2, 1, 3]
842: [5, 2, 4, 1, 6, 3]
843: [1, 6, 2, 4, 3, 5]
844: [1, 3, 6, 2, 4, 5]
845: [1, 3, 5, 4, 2, 6]
846: [1, 4, 5, 3, 6, 2]
847: [5, 3, 6, 4, 1, 2]
848: [2, 5, 6, 3, 1, 4]
849: [3, 6, 5, 4, 1, 2]
850: [4, 1, 3, 2, 5, 6]
851: [2, 5, 6, 3, 1, 4]
852: [4, 6, 2, 1, 5, 3]
853: [1, 4, 5, 2, 3, 6]
854: [3, 4, 6, 2, 5, 1]
855: [5, 3, 6, 1, 2, 4]
856: [3, 5, 6, 1, 2, 4]
857: [2, 4, 3, 6, 1, 5]
858: [3, 5, 1, 6, 4, 2]
859: [4, 2, 1, 3, 5, 6]
860: [6, 3, 4, 2, 1, 5]
861: [6, 1, 4, 3, 5, 2]
862: [5, 4, 1, 6, 2, 3]
863: [4, 2, 3, 6, 1, 5]
864: [1, 6, 2, 3, 4, 5]
865: [3, 4, 2, 1, 5, 6]
866: [2, 4, 3, 5, 6, 1]
867: [5, 4, 1, 3, 6, 2]
868: [6, 4, 2, 3, 5, 1]
869: [6, 4, 1, 2, 3, 5]
870: [3, 6, 5, 2, 1, 4]
871: [6, 2, 1, 3, 5, 4]
872: [2, 5, 4, 6, 3, 1]
873: [5, 3, 2, 6, 1, 4]
874: [5, 6, 2, 1, 3, 4]
875: [1, 3, 4, 6, 2, 5]
876: [6, 4, 1, 2, 3, 5]
877: [1, 2, 6, 3, 5, 4]
878: [4, 5, 1, 3, 2, 6]
879: [2, 1, 3, 5, 4, 6]
880: [1, 3, 2, 6, 4, 5]
881: [6, 1, 5, 2, 3, 4]
882: [1, 2, 3, 5, 6, 4]
883: [2, 3, 5, 4, 6, 1]
884: [6, 5, 2, 4, 3, 1]
885: [2, 5, 6, 4, 1, 3]
886: [4, 1, 3, 5, 2, 6]
887: [5, 1, 6, 4, 2, 3]
888: [6, 1, 5, 2, 4, 3]
889: [3, 5, 2, 6, 4, 1]
890: [4, 3, 6, 2, 5, 1]
891: [4, 3, 2, 5, 1, 6]
892: [5, 2, 1, 6, 4, 3]
893: [6, 1, 3, 5, 2, 4]
894: [1, 3, 6, 5, 2, 4]
895: [2, 3, 1, 6, 5, 4]
896: [3, 2, 4, 6, 1, 5]
897: [5, 2, 3, 4, 1, 6]
898: [2, 3, 5, 1, 4, 6]
899: [3, 6, 2, 4, 5, 1]
900: [6, 5, 3, 4, 1, 2]
901: [1, 5, 2, 4, 3, 6]
902: [6, 2, 3, 1, 5, 4]
903: [4, 1, 5, 2, 6, 3]
904: [5, 4, 6, 1, 3, 2]
905: [4, 1, 2, 5, 6, 3]
906: [4, 5, 6, 3, 1, 2]
907: [1, 3, 5, 6, 4, 2]
908: [3, 6, 4, 2, 1, 5]
909: [4, 3, 1, 5, 6, 2]
910: [5, 3, 4, 6, 2, 1]
911: [5, 4, 6, 1, 3, 2]
912: [2, 6, 3, 4, 1, 5]
913: [1, 4, 2, 6, 5, 3]
914: [6, 4, 3, 1, 2, 5]
915: [3, 6, 1, 5, 2, 4]
916: [4, 5, 3, 1, 6, 2]
917: [4, 2, 3, 1, 5, 6]
918: [1, 3, 5, 2, 4, 6]
919: [6, 1, 2, 3, 5, 4]
920: [6, 2, 3, 1, 4, 5]
921: [2, 5, 6, 3, 1, 4]
922: [6, 3, 5, 2, 1, 4]
923: [3, 4, 1, 5, 6, 2]
924: [2, 3, 4, 1, 5, 6]
925: [1, 4, 6, 5, 3, 2]
926: [4, 5, 6, 2, 1, 3]
927: [1, 6, 4, 3, 2, 5]
928: [6, 1, 2, 5, 4, 3]
929: [2, 1, 6, 3, 4, 5]
930: [4, 3, 2, 1, 6, 5]
931: [5, 4, 3, 1, 2, 6]
932: [6, 4, 5, 3, 2, 1]
933: [4, 5, 1, 2, 3, 6]
934: [2, 4, 1, 3, 6, 5]
935: [6, 5, 4, 3, 2, 1]
936: [5, 1, 6, 2, 4, 3]
937: [4, 2, 5, 3, 6, 1]
938: [5, 2, 3, 1, 6, 4]
939: [3, 6, 5, 2, 4, 1]
940: [5, 1, 4, 6, 2, 3]
941: [6, 5, 2, 4, 3, 1]
942: [4, 5, 6, 2, 1, 3]
943: [4, 5, 6, 2, 3, 1]
944: [5, 4, 3, 1, 2, 6]
945: [1, 2, 3, 5, 4, 6]
946: [2, 6, 5, 1, 3, 4]
947: [1, 6, 2, 5, 3, 4]
948: [1, 5, 6, 3, 2, 4]
949: [5, 6, 1, 2, 4, 3]
950: [6, 1, 4, 2, 3, 5]
951: [2, 5, 4, 3, 6, 1]
952: [6, 5, 1, 2, 3, 4]
953: [2, 5, 4, 6, 1, 3]
954: [6, 2, 5, 1, 4, 3]
955: [6, 5, 1, 4, 2, 3]
956: [5, 4, 2, 3, 1, 6]
957: [4, 5, 3, 6, 2, 1]
958: [1, 2, 4, 5, 3, 6]
959: [3, 2, 1, 5, 6, 4]
960: [1, 6, 4, 2, 3, 5]
961: [5, 3, 6, 1, 2, 4]
962: [1, 4, 3, 2, 5, 6]
963: [1, 6, 4, 3, 2, 5]
964: [4, 1, 5, 6, 2, 3]
965: [4, 1, 2, 6, 3, 5]
966: [2, 5, 3, 1, 4, 6]
967: [3, 4, 5, 6, 1, 2]
968: [3, 4, 1, 2, 5, 6]
969: [6, 5, 3, 2, 1, 4]
970: [6, 2, 3, 5, 4, 1]
971: [2, 4, 6, 1, 3, 5]
972: [3, 5, 6, 1, 2, 4]
973: [6, 5, 4, 3, 2, 1]
974: [5, 2, 3, 6, 1, 4]
975: [5, 6, 3, 2, 1, 4]
976: [3, 5, 4, 2, 1, 6]
977: [1, 3, 2, 6, 4, 5]
978: [6, 4, 1, 5, 3, 2]
979: [6, 4, 2, 5, 1, 3]
980: [2, 5, 3, 6, 1, 4]
981: [3, 4, 2, 1, 6, 5]
982: [3, 6, 2, 1, 5, 4]
983: [5, 2, 3, 1, 4, 6]
984: [5, 1, 4, 3, 2, 6]
985: [2, 3, 6, 5, 1, 4]
986: [5, 6, 2, 1, 4, 3]
987: [1, 5, 6, 2, 4, 3]
988: [4, 6, 1, 5, 3, 2]
989: [6, 2, 1, 3, 5, 4]
990: [4, 1, 3, 5, 6, 2]
991: [5, 6, 4, 1, 2, 3]
992: [6, 1, 5, 3, 4, 2]
993: [3, 6, 4, 1, 2, 5]
994: [6, 4, 1, 5, 2, 3]
995: [6, 3, 2, 4, 5, 1]
996: [6, 2, 4, 3, 5, 1]
997: [5, 1, 4, 3, 2, 6]
998: [4, 5, 2, 1, 6, 3]
999: [5, 3, 4, 1, 2, 6]

Initial Candidate Votes:
Green (G): 178 Votes
Ballot(s):
0, 9, 24, 27, 31, 38, 50, 51, 63, 70, 75, 82, 84, 89, 90, 119, 124, 125, 127, 134, 136, 139, 152, 155, 168, 169, 170, 171, 182, 189, 194, 195, 202, 205, 214, 216, 230, 232, 233, 239, 241, 245, 254, 255, 258, 259, 260, 274, 281, 285, 297, 298, 306, 315, 328, 330, 338, 347, 359, 368, 369, 370, 373, 384, 395, 398, 401, 405, 407, 410, 413, 414, 420, 423, 427, 436, 437, 438, 447, 453, 454, 457, 458, 462, 466, 476, 481, 484, 498, 505, 509, 527, 532, 537, 541, 545, 549, 553, 558, 559, 579, 582, 583, 585, 602, 603, 606, 615, 622, 624, 639, 641, 645, 647, 655, 666, 667, 668, 673, 676, 677, 678, 682, 683, 691, 693, 696, 703, 711, 714, 715, 719, 722, 732, 738, 761, 763, 765, 770, 771, 775, 776, 803, 804, 812, 837, 841, 847, 848, 849, 851, 857, 860, 863, 870, 873, 885, 891, 896, 897, 900, 906, 908, 912, 921, 922, 926, 942, 953, 956, 967, 969, 974, 975, 976, 979, 980, 985
Independent (I): 176 Votes
Ballot(s):
2, 4, 6, 12, 15, 19, 22, 39, 52, 58, 72, 77, 78, 80, 93, 105, 106, 110, 111, 118, 123, 126, 131, 147, 149, 154, 157, 159, 161, 166, 167, 174, 175, 185, 196, 197, 201, 206, 208, 210, 212, 213, 217, 219, 223, 229, 231, 237, 247, 261, 262, 270, 277, 279, 280, 293, 301, 302, 304, 310, 318, 325, 337, 339, 340, 341, 361, 363, 365, 371, 374, 382, 383, 385, 399, 400, 417, 422, 432, 439, 442, 444, 448, 460, 463, 472, 473, 474, 477, 478, 482, 497, 507, 510, 520, 528, 533, 534, 539, 542, 548, 556, 560, 565, 569, 570, 577, 594, 596, 597, 600, 609, 612, 634, 638, 643, 653, 657, 663, 669, 670, 694, 700, 704, 705, 706, 713, 717, 724, 728, 729, 735, 736, 741, 757, 758, 762, 772, 773, 774, 784, 785, 787, 794, 798, 800, 802, 810, 816, 820, 821, 823, 824, 840, 854, 866, 868, 872, 883, 884, 889, 890, 899, 910, 932, 935, 937, 939, 941, 943, 951, 957, 970, 973, 995, 996
Chou (I): 168 Votes
Ballot(s):
7, 10, 16, 17, 20, 34, 48, 61, 64, 66, 67, 69, 81, 83, 87, 92, 94, 95, 96, 107, 114, 115, 117, 120, 132, 133, 138, 144, 146, 151, 153, 164, 180, 186, 193, 222, 235, 236, 244, 248, 257, 263, 264, 266, 273, 276, 287, 290, 291, 299, 303, 305, 309, 312, 317, 321, 327, 333, 336, 342, 343, 346, 356, 357, 378, 380, 381, 386, 389, 396, 443, 445, 446, 450, 459, 464, 468, 470, 479, 487, 488, 490, 492, 511, 515, 516, 519, 522, 525, 536, 551, 555, 563, 564, 567, 571, 576, 580, 584, 590, 591, 593, 598, 608, 610, 614, 616, 617, 620, 627, 628, 630, 651, 664, 665, 671, 681, 684, 689, 690, 695, 699, 701, 712, 716, 731, 733, 739, 745, 751, 753, 764, 766, 769, 779, 783, 797, 805, 806, 807, 825, 829, 835, 839, 858, 859, 862, 867, 869, 871, 876, 878, 892, 895, 909, 915, 923, 933, 934, 949, 952, 955, 959, 968, 978, 988, 989, 994
Rosen (D): 165 Votes
Ballot(s):
13, 26, 28, 30, 32, 36, 41, 43, 56, 57, 59, 60, 88, 108, 109, 112, 130, 140, 141, 148, 156, 162, 165, 184, 192, 198, 200, 215, 221, 225, 226, 228, 234, 238, 243, 249, 251, 265, 269, 272, 275, 278, 294, 300, 307, 308, 313, 316, 324, 326, 331, 332, 345, 350, 351, 352, 354, 358, 362, 366, 372, 376, 387, 390, 391, 397, 402, 403, 406, 408, 416, 418, 421, 440, 441, 449, 455, 469, 471, 483, 485, 486, 501, 502, 504, 506, 513, 518, 524, 526, 529, 530, 544, 554, 557, 574, 575, 578, 587, 588, 592, 595, 599, 607, 611, 613, 619, 621, 648, 661, 662, 685, 686, 697, 702, 710, 718, 720, 723, 726, 727, 730, 740, 746, 749, 755, 760, 767, 786, 790, 792, 795, 808, 819, 826, 831, 832, 834, 836, 843, 844, 845, 846, 853, 864, 875, 877, 880, 882, 894, 901, 907, 913, 918, 925, 927, 945, 947, 948, 958, 960, 962, 963, 977, 987
Royce (L): 159 Votes
Ballot(s):
5, 11, 18, 21, 33, 37, 40, 42, 45, 47, 49, 62, 65, 71, 76, 79, 85, 86, 91, 97, 99, 103, 104, 121, 128, 129, 135, 142, 143, 145, 150, 163, 173, 176, 181, 183, 188, 190, 199, 203, 207, 224, 227, 253, 256, 271, 283, 286, 288, 292, 295, 296, 311, 320, 323, 334, 335, 344, 348, 360, 364, 379, 388, 393, 394, 404, 412, 415, 419, 424, 426, 430, 431, 433, 434, 451, 452, 461, 465, 475, 480, 489, 496, 500, 508, 514, 517, 521, 547, 550, 562, 573, 589, 605, 626, 633, 636, 637, 644, 650, 654, 658, 659, 660, 672, 688, 692, 698, 707, 708, 709, 744, 750, 756, 768, 777, 781, 782, 793, 811, 813, 817, 818, 822, 827, 833, 842, 852, 855, 856, 865, 874, 898, 902, 904, 911, 914, 916, 917, 920, 924, 930, 931, 938, 944, 946, 954, 961, 966, 971, 972, 981, 982, 983, 986, 991, 993, 998, 999
Kleinberg (R): 154 Votes
Ballot(s):
1, 3, 8, 14, 23, 25, 29, 35, 44, 46, 53, 54, 55, 68, 73, 74, 98, 100, 101, 102, 113, 116, 122, 137, 158, 160, 172, 177, 178, 179, 187, 191, 204, 209, 211, 218, 220, 240, 242, 246, 250, 252, 267, 268, 282, 284, 289, 314, 319, 322, 329, 349, 353, 355, 367, 375, 377, 392, 409, 411, 425, 428, 429, 435, 456, 467, 491, 493, 494, 495, 499, 503, 512, 523, 531, 535, 538, 540, 543, 546, 552, 561, 566, 568, 572, 581, 586, 601, 604, 618, 623, 625, 629, 631, 632, 635, 640, 642, 646, 649, 652, 656, 674, 675, 679, 680, 687, 721, 725, 734, 737, 742, 743, 747, 748, 752, 754, 759, 778, 780, 788, 789, 791, 796, 799, 801, 809, 814, 815, 828, 830, 838, 850, 861, 879, 881, 886, 887, 888, 893, 903, 905, 919, 928, 929, 936, 940, 950, 964, 965, 984, 990, 992, 997

Round 1:
Independent (I): 207 Votes
Ballot(s):
2, 4, 6, 12, 15, 19, 22, 39, 52, 58, 72, 77, 78, 80, 93, 105, 106, 110, 111, 118, 123, 126, 131, 147, 149, 154, 157, 159, 161, 166, 167, 174, 175, 185, 196, 197, 201, 206, 208, 210, 212, 213, 217, 219, 223, 229, 231, 237, 247, 261, 262, 270, 277, 279, 280, 293, 301, 302, 304, 310, 318, 325, 337, 339, 340, 341, 361, 363, 365, 371, 374, 382, 383, 385, 399, 400, 417, 422, 432, 439, 442, 444, 448, 460, 463, 472, 473, 474, 477, 478, 482, 497, 507, 510, 520, 528, 533, 534, 539, 542, 548, 556, 560, 565, 569, 570, 577, 594, 596, 597, 600, 609, 612, 634, 638, 643, 653, 657, 663, 669, 670, 694, 700, 704, 705, 706, 713, 717, 724, 728, 729, 735, 736, 741, 757, 758, 762, 772, 773, 774, 784, 785, 787, 794, 798, 800, 802, 810, 816, 820, 821, 823, 824, 840, 854, 866, 868, 872, 883, 884, 889, 890, 899, 910, 932, 935, 937, 939, 941, 943, 951, 957, 970, 973, 995, 996, 35, 53, 116, 122, 204, 246, 250, 252, 268, 284, 289, 355, 367, 409, 491, 494, 512, 546, 679, 721, 737, 788, 799, 801, 809, 814, 828, 838, 861, 990, 992
Green (G): 206 Votes
Ballot(s):
0, 9, 24, 27, 31, 38, 50, 51, 63, 70, 75, 82, 84, 89, 90, 119, 124, 125, 127, 134, 136, 139, 152, 155, 168, 169, 170, 171, 182, 189, 194, 195, 202, 205, 214, 216, 230, 232, 233, 239, 241, 245, 254, 255, 258, 259, 260, 274, 281, 285, 297, 298, 306, 315, 328, 330, 338, 347, 359, 368, 369, 370, 373, 384, 395, 398, 401, 405, 407, 410, 413, 414, 420, 423, 427, 436, 437, 438, 447, 453, 454, 457, 458, 462, 466, 476, 481, 484, 498, 505, 509, 527, 532, 537, 541, 545, 549, 553, 558, 559, 579, 582, 583, 585, 602, 603, 606, 615, 622, 624, 639, 641, 645, 647, 655, 666, 667, 668, 673, 676, 677, 678, 682, 683, 691, 693, 696, 703, 711, 714, 715, 719, 722, 732, 738, 761, 763, 765, 770, 771, 775, 776, 803, 804, 812, 837, 841, 847, 848, 849, 851, 857, 860, 863, 870, 873, 885, 891, 896, 897, 900, 906, 908, 912, 921, 922, 926, 942, 953, 956, 967, 969, 974, 975, 976, 979, 980, 985, 14, 137, 158, 160, 172, 178, 209, 211, 240, 267, 493, 495, 535, 538, 581, 604, 635, 674, 734, 754, 759, 886, 887, 893, 940, 964, 984, 997
Chou (I): 203 Votes
Ballot(s):
7, 10, 16, 17, 20, 34, 48, 61, 64, 66, 67, 69, 81, 83, 87, 92, 94, 95, 96, 107, 114, 115, 117, 120, 132, 133, 138, 144, 146, 151, 153, 164, 180, 186, 193, 222, 235, 236, 244, 248, 257, 263, 264, 266, 273, 276, 287, 290, 291, 299, 303, 305, 309, 312, 317, 321, 327, 333, 336, 342, 343, 346, 356, 357, 378, 380, 381, 386, 389, 396, 443, 445, 446, 450, 459, 464, 468, 470, 479, 487, 488, 490, 492, 511, 515, 516, 519, 522, 525, 536, 551, 555, 563, 564, 567, 571, 576, 580, 584, 590, 591, 593, 598, 608, 610, 614, 616, 617, 620, 627, 628, 630, 651, 664, 665, 671, 681, 684, 689, 690, 695, 699, 701, 712, 716, 731, 733, 739, 745, 751, 753, 764, 766, 769, 779, 783, 797, 805, 806, 807, 825, 829, 835, 839, 858, 859, 862, 867, 869, 871, 876, 878, 892, 895, 909, 915, 923, 933, 934, 949, 952, 955, 959, 968, 978, 988, 989, 994, 1, 3, 44, 73, 98, 100, 113, 218, 220, 282, 319, 322, 329, 349, 425, 428, 429, 467, 543, 561, 568, 572, 586, 623, 742, 743, 780, 789, 796, 815, 830, 905, 919, 928, 965
Rosen (D): 192 Votes
Ballot(s):
13, 26, 28, 30, 32, 36, 41, 43, 56, 57, 59, 60, 88, 108, 109, 112, 130, 140, 141, 148, 156, 162, 165, 184, 192, 198, 200, 215, 221, 225, 226, 228, 234, 238, 243, 249, 251, 265, 269, 272, 275, 278, 294, 300, 307, 308, 313, 316, 324, 326, 331, 332, 345, 350, 351, 352, 354, 358, 362, 366, 372, 376, 387, 390, 391, 397, 402, 403, 406, 408, 416, 418, 421, 440, 441, 449, 455, 469, 471, 483, 485, 486, 501, 502, 504, 506, 513, 518, 524, 526, 529, 530, 544, 554, 557, 574, 575, 578, 587, 588, 592, 595, 599, 607, 611, 613, 619, 621, 648, 661, 662, 685, 686, 697, 702, 710, 718, 720, 723, 726, 727, 730, 740, 746, 749, 755, 760, 767, 786, 790, 792, 795, 808, 819, 826, 831, 832, 834, 836, 843, 844, 845, 846, 853, 864, 875, 877, 880, 882, 894, 901, 907, 913, 918, 925, 927, 945, 947, 948, 958, 960, 962, 963, 977, 987, 8, 23, 25, 55, 68, 102, 191, 353, 377, 411, 456, 499, 523, 531, 540, 601, 629, 632, 642, 646, 652, 675, 725, 778, 791, 879, 929
Royce (L): 192 Votes
Ballot(s):
5, 11, 18, 21, 33, 37, 40, 42, 45, 47, 49, 62, 65, 71, 76, 79, 85, 86, 91, 97, 99, 103, 104, 121, 128, 129, 135, 142, 143, 145, 150, 163, 173, 176, 181, 183, 188, 190, 199, 203, 207, 224, 227, 253, 256, 271, 283, 286, 288, 292, 295, 296, 311, 320, 323, 334, 335, 344, 348, 360, 364, 379, 388, 393, 394, 404, 412, 415, 419, 424, 426, 430, 431, 433, 434, 451, 452, 461, 465, 475, 480, 489, 496, 500, 508, 514, 517, 521, 547, 550, 562, 573, 589, 605, 626, 633, 636, 637, 644, 650, 654, 658, 659, 660, 672, 688, 692, 698, 707, 708, 709, 744, 750, 756, 768, 777, 781, 782, 793, 811, 813, 817, 818, 822, 827, 833, 842, 852, 855, 856, 865, 874, 898, 902, 904, 911, 914, 916, 917, 920, 924, 930, 931, 938, 944, 946, 954, 961, 966, 971, 972, 981, 982, 983, 986, 991, 993, 998, 999, 29, 46, 54, 74, 101, 177, 179, 187, 242, 314, 375, 392, 435, 503, 552, 566, 618, 625, 631, 640, 649, 656, 680, 687, 747, 748, 752, 850, 881, 888, 903, 936, 950
Kleinberg (R): 0 Votes
Ballot(s):


Round 2:
Green (G): 255 Votes
Ballot(s):
0, 9, 24, 27, 31, 38, 50, 51, 63, 70, 75, 82, 84, 89, 90, 119, 124, 125, 127, 134, 136, 139, 152, 155, 168, 169, 170, 171, 182, 189, 194, 195, 202, 205, 214, 216, 230, 232, 233, 239, 241, 245, 254, 255, 258, 259, 260, 274, 281, 285, 297, 298, 306, 315, 328, 330, 338, 347, 359, 368, 369, 370, 373, 384, 395, 398, 401, 405, 407, 410, 413, 414, 420, 423, 427, 436, 437, 438, 447, 453, 454, 457, 458, 462, 466, 476, 481, 484, 498, 505, 509, 527, 532, 537, 541, 545, 549, 553, 558, 559, 579, 582, 583, 585, 602, 603, 606, 615, 622, 624, 639, 641, 645, 647, 655, 666, 667, 668, 673, 676, 677, 678, 682, 683, 691, 693, 696, 703, 711, 714, 715, 719, 722, 732, 738, 761, 763, 765, 770, 771, 775, 776, 803, 804, 812, 837, 841, 847, 848, 849, 851, 857, 860, 863, 870, 873, 885, 891, 896, 897, 900, 906, 908, 912, 921, 922, 926, 942, 953, 956, 967, 969, 974, 975, 976, 979, 980, 985, 14, 137, 158, 160, 172, 178, 209, 211, 240, 267, 493, 495, 535, 538, 581, 604, 635, 674, 734, 754, 759, 886, 887, 893, 940, 964, 984, 997, 11, 33, 37, 40, 47, 65, 71, 79, 91, 129, 142, 199, 271, 320, 335, 415, 419, 424, 433, 434, 461, 465, 517, 521, 626, 644, 659, 660, 708, 709, 744, 750, 855, 856, 914, 931, 944, 961, 972, 991, 993, 999, 46, 392, 618, 625, 631, 881, 950
Chou (I): 255 Votes
Ballot(s):
7, 10, 16, 17, 20, 34, 48, 61, 64, 66, 67, 69, 81, 83, 87, 92, 94, 95, 96, 107, 114, 115, 117, 120, 132, 133, 138, 144, 146, 151, 153, 164, 180, 186, 193, 222, 235, 236, 244, 248, 257, 263, 264, 266, 273, 276, 287, 290, 291, 299, 303, 305, 309, 312, 317, 321, 327, 333, 336, 342, 343, 346, 356, 357, 378, 380, 381, 386, 389, 396, 443, 445, 446, 450, 459, 464, 468, 470, 479, 487, 488, 490, 492, 511, 515, 516, 519, 522, 525, 536, 551, 555, 563, 564, 567, 571, 576, 580, 584, 590, 591, 593, 598, 608, 610, 614, 616, 617, 620, 627, 628, 630, 651, 664, 665, 671, 681, 684, 689, 690, 695, 699, 701, 712, 716, 731, 733, 739, 745, 751, 753, 764, 766, 769, 779, 783, 797, 805, 806, 807, 825, 829, 835, 839, 858, 859, 862, 867, 869, 871, 876, 878, 892, 895, 909, 915, 923, 933, 934, 949, 952, 955, 959, 968, 978, 988, 989, 994, 1, 3, 44, 73, 98, 100, 113, 218, 220, 282, 319, 322, 329, 349, 425, 428, 429, 467, 543, 561, 568, 572, 586, 623, 742, 743, 780, 789, 796, 815, 830, 905, 919, 928, 965, 5, 21, 49, 85, 104, 128, 135, 150, 173, 176, 190, 203, 224, 253, 286, 295, 323, 394, 430, 451, 480, 489, 508, 589, 605, 650, 672, 707, 782, 811, 822, 833, 852, 865, 874, 902, 917, 920, 930, 938, 981, 982, 983, 986, 998, 101, 314, 375, 552, 566, 649, 850
Independent (I): 249 Votes
Ballot(s):
2, 4, 6, 12, 15, 19, 22, 39, 52, 58, 72, 77, 78, 80, 93, 105, 106, 110, 111, 118, 123, 126, 131, 147, 149, 154, 157, 159, 161, 166, 167, 174, 175, 185, 196, 197, 201, 206, 208, 210, 212, 213, 217, 219, 223, 229, 231, 237, 247, 261, 262, 270, 277, 279, 280, 293, 301, 302, 304, 310, 318, 325, 337, 339, 340, 341, 361, 363, 365, 371, 374, 382, 383, 385, 399, 400, 417, 422, 432, 439, 442, 444, 448, 460, 463, 472, 473, 474, 477, 478, 482, 497, 507, 510, 520, 528, 533, 534, 539, 542, 548, 556, 560, 565, 569, 570, 577, 594, 596, 597, 600, 609, 612, 634, 638, 643, 653, 657, 663, 669, 670, 694, 700, 704, 705, 706, 713, 717, 724, 728, 729, 735, 736, 741, 757, 758, 762, 772, 773, 774, 784, 785, 787, 794, 798, 800, 802, 810, 816, 820, 821, 823, 824, 840, 854, 866, 868, 872, 883, 884, 889, 890, 899, 910, 932, 935, 937, 939, 941, 943, 951, 957, 970, 973, 995, 996, 35, 53, 116, 122, 204, 246, 250, 252, 268, 284, 289, 355, 367, 409, 491, 494, 512, 546, 679, 721, 737, 788, 799, 801, 809, 814, 828, 838, 861, 990, 992, 18, 42, 86, 163, 183, 188, 227, 288, 311, 379, 388, 393, 426, 475, 514, 550, 573, 636, 637, 654, 658, 698, 756, 781, 817, 818, 842, 904, 911, 916, 954, 29, 179, 187, 242, 435, 640, 680, 687, 888, 903, 936
Rosen (D): 241 Votes
Ballot(s):
13, 26, 28, 30, 32, 36, 41, 43, 56, 57, 59, 60, 88, 108, 109, 112, 130, 140, 141, 148, 156, 162, 165, 184, 192, 198, 200, 215, 221, 225, 226, 228, 234, 238, 243, 249, 251, 265, 269, 272, 275, 278, 294, 300, 307, 308, 313, 316, 324, 326, 331, 332, 345, 350, 351, 352, 354, 358, 362, 366, 372, 376, 387, 390, 391, 397, 402, 403, 406, 408, 416, 418, 421, 440, 441, 449, 455, 469, 471, 483, 485, 486, 501, 502, 504, 506, 513, 518, 524, 526, 529, 530, 544, 554, 557, 574, 575, 578, 587, 588, 592, 595, 599, 607, 611, 613, 619, 621, 648, 661, 662, 685, 686, 697, 702, 710, 718, 720, 723, 726, 727, 730, 740, 746, 749, 755, 760, 767, 786, 790, 792, 795, 808, 819, 826, 831, 832, 834, 836, 843, 844, 845, 846, 853, 864, 875, 877, 880, 882, 894, 901, 907, 913, 918, 925, 927, 945, 947, 948, 958, 960, 962, 963, 977, 987, 8, 23, 25, 55, 68, 102, 191, 353, 377, 411, 456, 499, 523, 531, 540, 601, 629, 632, 642, 646, 652, 675, 725, 778, 791, 879, 929, 45, 62, 76, 97, 99, 103, 121, 143, 145, 181, 207, 256, 283, 292, 296, 334, 344, 348, 360, 364, 404, 412, 431, 452, 496, 500, 547, 562, 633, 688, 692, 768, 777, 793, 813, 827, 898, 924, 946, 966, 971, 54, 74, 177, 503, 656, 747, 748, 752
Royce (L): 0 Votes
Ballot(s):

Kleinberg (R): 0 Votes
Ballot(s):


Round 3:
Chou (I): 347 Votes
Ballot(s):
7, 10, 16, 17, 20, 34, 48, 61, 64, 66, 67, 69, 81, 83, 87, 92, 94, 95, 96, 107, 114, 115, 117, 120, 132, 133, 138, 144, 146, 151, 153, 164, 180, 186, 193, 222, 235, 236, 244, 248, 257, 263, 264, 266, 273, 276, 287, 290, 291, 299, 303, 305, 309, 312, 317, 321, 327, 333, 336, 342, 343, 346, 356, 357, 378, 380, 381, 386, 389, 396, 443, 445, 446, 450, 459, 464, 468, 470, 479, 487, 488, 490, 492, 511, 515, 516, 519, 522, 525, 536, 551, 555, 563, 564, 567, 571, 576, 580, 584, 590, 591, 593, 598, 608, 610, 614, 616, 617, 620, 627, 628, 630, 651, 664, 665, 671, 681, 684, 689, 690, 695, 699, 701, 712, 716, 731, 733, 739, 745, 751, 753, 764, 766, 769, 779, 783, 797, 805, 806, 807, 825, 829, 835, 839, 858, 859, 862, 867, 869, 871, 876, 878, 892, 895, 909, 915, 923, 933, 934, 949, 952, 955, 959, 968, 978, 988, 989, 994, 1, 3, 44, 73, 98, 100, 113, 218, 220, 282, 319, 322, 329, 349, 425, 428, 429, 467, 543, 561, 568, 572, 586, 623, 742, 743, 780, 789, 796, 815, 830, 905, 919, 928, 965, 5, 21, 49, 85, 104, 128, 135, 150, 173, 176, 190, 203, 224, 253, 286, 295, 323, 394, 430, 451, 480, 489, 508, 589, 605, 650, 672, 707, 782, 811, 822, 833, 852, 865, 874, 902, 917, 920, 930, 938, 981, 982, 983, 986, 998, 101, 314, 375, 552, 566, 649, 850, 4, 19, 39, 80, 93, 123, 126, 149, 154, 166, 174, 175, 185, 217, 219, 223, 231, 247, 302, 310, 337, 340, 363, 365, 383, 400, 422, 439, 448, 473, 474, 482, 497, 507, 510, 528, 533, 534, 542, 560, 577, 594, 612, 638, 663, 694, 728, 736, 741, 758, 772, 773, 784, 787, 794, 816, 821, 840, 868, 884, 889, 899, 941, 970, 995, 996, 116, 122, 250, 367, 409, 494, 512, 546, 679, 809, 814, 861, 990, 42, 188, 393, 550, 637, 781, 817, 842, 916, 29, 242, 435, 680
Green (G): 340 Votes
Ballot(s):
0, 9, 24, 27, 31, 38, 50, 51, 63, 70, 75, 82, 84, 89, 90, 119, 124, 125, 127, 134, 136, 139, 152, 155, 168, 169, 170, 171, 182, 189, 194, 195, 202, 205, 214, 216, 230, 232, 233, 239, 241, 245, 254, 255, 258, 259, 260, 274, 281, 285, 297, 298, 306, 315, 328, 330, 338, 347, 359, 368, 369, 370, 373, 384, 395, 398, 401, 405, 407, 410, 413, 414, 420, 423, 427, 436, 437, 438, 447, 453, 454, 457, 458, 462, 466, 476, 481, 484, 498, 505, 509, 527, 532, 537, 541, 545, 549, 553, 558, 559, 579, 582, 583, 585, 602, 603, 606, 615, 622, 624, 639, 641, 645, 647, 655, 666, 667, 668, 673, 676, 677, 678, 682, 683, 691, 693, 696, 703, 711, 714, 715, 719, 722, 732, 738, 761, 763, 765, 770, 771, 775, 776, 803, 804, 812, 837, 841, 847, 848, 849, 851, 857, 860, 863, 870, 873, 885, 891, 896, 897, 900, 906, 908, 912, 921, 922, 926, 942, 953, 956, 967, 969, 974, 975, 976, 979, 980, 985, 14, 137, 158, 160, 172, 178, 209, 211, 240, 267, 493, 495, 535, 538, 581, 604, 635, 674, 734, 754, 759, 886, 887, 893, 940, 964, 984, 997, 11, 33, 37, 40, 47, 65, 71, 79, 91, 129, 142, 199, 271, 320, 335, 415, 419, 424, 433, 434, 461, 465, 517, 521, 626, 644, 659, 660, 708, 709, 744, 750, 855, 856, 914, 931, 944, 961, 972, 991, 993, 999, 46, 392, 618, 625, 631, 881, 950, 15, 52, 72, 77, 78, 111, 118, 159, 167, 197, 206, 210, 212, 213, 229, 237, 277, 279, 301, 339, 341, 371, 382, 399, 432, 444, 460, 556, 565, 569, 596, 600, 634, 643, 669, 670, 700, 704, 706, 717, 724, 729, 735, 762, 800, 820, 823, 824, 910, 932, 935, 943, 957, 973, 204, 284, 289, 355, 491, 721, 737, 788, 799, 828, 992, 18, 86, 227, 379, 388, 426, 475, 654, 658, 698, 756, 904, 911, 954, 179, 187, 640, 687, 888, 936
Rosen (D): 313 Votes
Ballot(s):
13, 26, 28, 30, 32, 36, 41, 43, 56, 57, 59, 60, 88, 108, 109, 112, 130, 140, 141, 148, 156, 162, 165, 184, 192, 198, 200, 215, 221, 225, 226, 228, 234, 238, 243, 249, 251, 265, 269, 272, 275, 278, 294, 300, 307, 308, 313, 316, 324, 326, 331, 332, 345, 350, 351, 352, 354, 358, 362, 366, 372, 376, 387, 390, 391, 397, 402, 403, 406, 408, 416, 418, 421, 440, 441, 449, 455, 469, 471, 483, 485, 486, 501, 502, 504, 506, 513, 518, 524, 526, 529, 530, 544, 554, 557, 574, 575, 578, 587, 588, 592, 595, 599, 607, 611, 613, 619, 621, 648, 661, 662, 685, 686, 697, 702, 710, 718, 720, 723, 726, 727, 730, 740, 746, 749, 755, 760, 767, 786, 790, 792, 795, 808, 819, 826, 831, 832, 834, 836, 843, 844, 845, 846, 853, 864, 875, 877, 880, 882, 894, 901, 907, 913, 918, 925, 927, 945, 947, 948, 958, 960, 962, 963, 977, 987, 8, 23, 25, 55, 68, 102, 191, 353, 377, 411, 456, 499, 523, 531, 540, 601, 629, 632, 642, 646, 652, 675, 725, 778, 791, 879, 929, 45, 62, 76, 97, 99, 103, 121, 143, 145, 181, 207, 256, 283, 292, 296, 334, 344, 348, 360, 364, 404, 412, 431, 452, 496, 500, 547, 562, 633, 688, 692, 768, 777, 793, 813, 827, 898, 924, 946, 966, 971, 54, 74, 177, 503, 656, 747, 748, 752, 2, 6, 12, 22, 58, 105, 106, 110, 131, 147, 157, 161, 196, 201, 208, 261, 262, 270, 280, 293, 304, 318, 325, 361, 374, 385, 417, 442, 463, 472, 477, 478, 520, 539, 548, 570, 597, 609, 653, 657, 705, 713, 757, 774, 785, 798, 802, 810, 854, 866, 872, 883, 890, 937, 939, 951, 35, 53, 246, 252, 268, 801, 838, 163, 183, 288, 311, 514, 573, 636, 818, 903
Independent (I): 0 Votes
Ballot(s):

Royce (L): 0 Votes
Ballot(s):

Kleinberg (R): 0 Votes
Ballot(s):


Round 4:
Green (G): 501 Votes
Ballot(s):
0, 9, 24, 27, 31, 38, 50, 51, 63, 70, 75, 82, 84, 89, 90, 119, 124, 125, 127, 134, 136, 139, 152, 155, 168, 169, 170, 171, 182, 189, 194, 195, 202, 205, 214, 216, 230, 232, 233, 239, 241, 245, 254, 255, 258, 259, 260, 274, 281, 285, 297, 298, 306, 315, 328, 330, 338, 347, 359, 368, 369, 370, 373, 384, 395, 398, 401, 405, 407, 410, 413, 414, 420, 423, 427, 436, 437, 438, 447, 453, 454, 457, 458, 462, 466, 476, 481, 484, 498, 505, 509, 527, 532, 537, 541, 545, 549, 553, 558, 559, 579, 582, 583, 585, 602, 603, 606, 615, 622, 624, 639, 641, 645, 647, 655, 666, 667, 668, 673, 676, 677, 678, 682, 683, 691, 693, 696, 703, 711, 714, 715, 719, 722, 732, 738, 761, 763, 765, 770, 771, 775, 776, 803, 804, 812, 837, 841, 847, 848, 849, 851, 857, 860, 863, 870, 873, 885, 891, 896, 897, 900, 906, 908, 912, 921, 922, 926, 942, 953, 956, 967, 969, 974, 975, 976, 979, 980, 985, 14, 137, 158, 160, 172, 178, 209, 211, 240, 267, 493, 495, 535, 538, 581, 604, 635, 674, 734, 754, 759, 886, 887, 893, 940, 964, 984, 997, 11, 33, 37, 40, 47, 65, 71, 79, 91, 129, 142, 199, 271, 320, 335, 415, 419, 424, 433, 434, 461, 465, 517, 521, 626, 644, 659, 660, 708, 709, 744, 750, 855, 856, 914, 931, 944, 961, 972, 991, 993, 999, 46, 392, 618, 625, 631, 881, 950, 15, 52, 72, 77, 78, 111, 118, 159, 167, 197, 206, 210, 212, 213, 229, 237, 277, 279, 301, 339, 341, 371, 382, 399, 432, 444, 460, 556, 565, 569, 596, 600, 634, 643, 669, 670, 700, 704, 706, 717, 724, 729, 735, 762, 800, 820, 823, 824, 910, 932, 935, 943, 957, 973, 204, 284, 289, 355, 491, 721, 737, 788, 799, 828, 992, 18, 86, 227, 379, 388, 426, 475, 654, 658, 698, 756, 904, 911, 954, 179, 187, 640, 687, 888, 936, 28, 30, 41, 43, 57, 60, 109, 112, 130, 140, 141, 156, 184, 200, 228, 238, 243, 251, 265, 272, 300, 307, 308, 313, 324, 326, 331, 345, 351, 352, 354, 358, 362, 366, 372, 391, 397, 402, 406, 441, 449, 455, 469, 483, 504, 506, 513, 518, 526, 544, 574, 587, 588, 599, 611, 619, 621, 662, 686, 702, 710, 720, 726, 740, 749, 755, 767, 790, 792, 795, 831, 832, 834, 836, 844, 845, 853, 875, 877, 894, 907, 918, 925, 927, 948, 958, 960, 963, 987, 8, 23, 55, 68, 191, 353, 456, 531, 540, 601, 629, 642, 646, 652, 791, 929, 45, 62, 103, 121, 143, 181, 207, 256, 283, 296, 334, 344, 360, 412, 496, 562, 768, 777, 793, 898, 946, 971, 54, 656, 747, 752, 106, 131, 157, 208, 261, 361, 417, 442, 472, 477, 539, 570, 609, 657, 757, 785, 798, 810, 854, 872, 890, 939, 246, 252, 801, 183, 514, 573, 636, 818
Chou (I): 499 Votes
Ballot(s):
7, 10, 16, 17, 20, 34, 48, 61, 64, 66, 67, 69, 81, 83, 87, 92, 94, 95, 96, 107, 114, 115, 117, 120, 132, 133, 138, 144, 146, 151, 153, 164, 180, 186, 193, 222, 235, 236, 244, 248, 257, 263, 264, 266, 273, 276, 287, 290, 291, 299, 303, 305, 309, 312, 317, 321, 327, 333, 336, 342, 343, 346, 356, 357, 378, 380, 381, 386, 389, 396, 443, 445, 446, 450, 459, 464, 468, 470, 479, 487, 488, 490, 492, 511, 515, 516, 519, 522, 525, 536, 551, 555, 563, 564, 567, 571, 576, 580, 584, 590, 591, 593, 598, 608, 610, 614, 616, 617, 620, 627, 628, 630, 651, 664, 665, 671, 681, 684, 689, 690, 695, 699, 701, 712, 716, 731, 733, 739, 745, 751, 753, 764, 766, 769, 779, 783, 797, 805, 806, 807, 825, 829, 835, 839, 858, 859, 862, 867, 869, 871, 876, 878, 892, 895, 909, 915, 923, 933, 934, 949, 952, 955, 959, 968, 978, 988, 989, 994, 1, 3, 44, 73, 98, 100, 113, 218, 220, 282, 319, 322, 329, 349, 425, 428, 429, 467, 543, 561, 568, 572, 586, 623, 742, 743, 780, 789, 796, 815, 830, 905, 919, 928, 965, 5, 21, 49, 85, 104, 128, 135, 150, 173, 176, 190, 203, 224, 253, 286, 295, 323, 394, 430, 451, 480, 489, 508, 589, 605, 650, 672, 707, 782, 811, 822, 833, 852, 865, 874, 902, 917, 920, 930, 938, 981, 982, 983, 986, 998, 101, 314, 375, 552, 566, 649, 850, 4, 19, 39, 80, 93, 123, 126, 149, 154, 166, 174, 175, 185, 217, 219, 223, 231, 247, 302, 310, 337, 340, 363, 365, 383, 400, 422, 439, 448, 473, 474, 482, 497, 507, 510, 528, 533, 534, 542, 560, 577, 594, 612, 638, 663, 694, 728, 736, 741, 758, 772, 773, 784, 787, 794, 816, 821, 840, 868, 884, 889, 899, 941, 970, 995, 996, 116, 122, 250, 367, 409, 494, 512, 546, 679, 809, 814, 861, 990, 42, 188, 393, 550, 637, 781, 817, 842, 916, 29, 242, 435, 680, 13, 26, 32, 36, 56, 59, 88, 108, 148, 162, 165, 192, 198, 215, 221, 225, 226, 234, 249, 269, 275, 278, 294, 316, 332, 350, 376, 387, 390, 403, 408, 416, 418, 421, 440, 471, 485, 486, 501, 502, 524, 529, 530, 554, 557, 575, 578, 592, 595, 607, 613, 648, 661, 685, 697, 718, 723, 727, 730, 746, 760, 786, 808, 819, 826, 843, 846, 864, 880, 882, 901, 913, 945, 947, 962, 977, 25, 102, 377, 411, 499, 523, 632, 675, 725, 778, 879, 76, 97, 99, 145, 292, 348, 364, 404, 431, 452, 500, 547, 633, 688, 692, 813, 827, 924, 966, 74, 177, 503, 748, 2, 6, 12, 22, 58, 105, 110, 147, 161, 196, 201, 262, 270, 280, 293, 304, 318, 325, 374, 385, 463, 478, 520, 548, 597, 653, 705, 713, 774, 802, 866, 883, 937, 951, 35, 53, 268, 838, 163, 288, 311, 903
Rosen (D): 0 Votes
Ballot(s):

Independent (I): 0 Votes
Ballot(s):

Royce (L): 0 Votes
Ballot(s):

Kleinberg (R): 0 Votes
Ballot(s):


Round 5:
Green (G): 840 Votes
Ballot(s):
0, 9, 24, 27, 31, 38, 50, 51, 63, 70, 75, 82, 84, 89, 90, 119, 124, 125, 127, 134, 136, 139, 152, 155, 168, 169, 170, 171, 182, 189, 194, 195, 202, 205, 214, 216, 230, 232, 233, 239, 241, 245, 254, 255, 258, 259, 260, 274, 281, 285, 297, 298, 306, 315, 328, 330, 338, 347, 359, 368, 369, 370, 373, 384, 395, 398, 401, 405, 407, 410, 413, 414, 420, 423, 427, 436, 437, 438, 447, 453, 454, 457, 458, 462, 466, 476, 481, 484, 498, 505, 509, 527, 532, 537, 541, 545, 549, 553, 558, 559, 579, 582, 583, 585, 602, 603, 606, 615, 622, 624, 639, 641, 645, 647, 655, 666, 667, 668, 673, 676, 677, 678, 682, 683, 691, 693, 696, 703, 711, 714, 715, 719, 722, 732, 738, 761, 763, 765, 770, 771, 775, 776, 803, 804, 812, 837, 841, 847, 848, 849, 851, 857, 860, 863, 870, 873, 885, 891, 896, 897, 900, 906, 908, 912, 921, 922, 926, 942, 953, 956, 967, 969, 974, 975, 976, 979, 980, 985, 14, 137, 158, 160, 172, 178, 209, 211, 240, 267, 493, 495, 535, 538, 581, 604, 635, 674, 734, 754, 759, 886, 887, 893, 940, 964, 984, 997, 11, 33, 37, 40, 47, 65, 71, 79, 91, 129, 142, 199, 271, 320, 335, 415, 419, 424, 433, 434, 461, 465, 517, 521, 626, 644, 659, 660, 708, 709, 744, 750, 855, 856, 914, 931, 944, 961, 972, 991, 993, 999, 46, 392, 618, 625, 631, 881, 950, 15, 52, 72, 77, 78, 111, 118, 159, 167, 197, 206, 210, 212, 213, 229, 237, 277, 279, 301, 339, 341, 371, 382, 399, 432, 444, 460, 556, 565, 569, 596, 600, 634, 643, 669, 670, 700, 704, 706, 717, 724, 729, 735, 762, 800, 820, 823, 824, 910, 932, 935, 943, 957, 973, 204, 284, 289, 355, 491, 721, 737, 788, 799, 828, 992, 18, 86, 227, 379, 388, 426, 475, 654, 658, 698, 756, 904, 911, 954, 179, 187, 640, 687, 888, 936, 28, 30, 41, 43, 57, 60, 109, 112, 130, 140, 141, 156, 184, 200, 228, 238, 243, 251, 265, 272, 300, 307, 308, 313, 324, 326, 331, 345, 351, 352, 354, 358, 362, 366, 372, 391, 397, 402, 406, 441, 449, 455, 469, 483, 504, 506, 513, 518, 526, 544, 574, 587, 588, 599, 611, 619, 621, 662, 686, 702, 710, 720, 726, 740, 749, 755, 767, 790, 792, 795, 831, 832, 834, 836, 844, 845, 853, 875, 877, 894, 907, 918, 925, 927, 948, 958, 960, 963, 987, 8, 23, 55, 68, 191, 353, 456, 531, 540, 601, 629, 642, 646, 652, 791, 929, 45, 62, 103, 121, 143, 181, 207, 256, 283, 296, 334, 344, 360, 412, 496, 562, 768, 777, 793, 898, 946, 971, 54, 656, 747, 752, 106, 131, 157, 208, 261, 361, 417, 442, 472, 477, 539, 570, 609, 657, 757, 785, 798, 810, 854, 872, 890, 939, 246, 252, 801, 183, 514, 573, 636, 818, 7, 10, 16, 17, 34, 48, 66, 69, 81, 83, 87, 95, 96, 107, 114, 115, 117, 120, 132, 133, 138, 151, 153, 164, 186, 222, 235, 236, 244, 248, 257, 263, 264, 266, 276, 287, 290, 291, 299, 303, 305, 309, 312, 321, 327, 336, 342, 346, 356, 357, 381, 386, 389, 396, 443, 445, 446, 450, 459, 464, 470, 479, 487, 488, 490, 492, 511, 515, 516, 519, 522, 525, 536, 551, 555, 563, 567, 571, 576, 580, 590, 591, 593, 608, 614, 617, 627, 628, 630, 651, 664, 665, 671, 681, 684, 689, 690, 695, 701, 712, 716, 731, 733, 739, 745, 751, 753, 764, 766, 779, 783, 797, 805, 806, 807, 829, 835, 839, 858, 859, 862, 869, 871, 876, 878, 892, 895, 915, 933, 949, 952, 955, 968, 978, 988, 989, 994, 1, 3, 44, 73, 100, 113, 218, 220, 282, 319, 322, 329, 349, 428, 467, 561, 568, 572, 586, 789, 796, 815, 830, 919, 928, 965, 5, 21, 49, 85, 104, 128, 135, 150, 173, 176, 203, 224, 253, 286, 295, 323, 394, 430, 451, 480, 489, 508, 589, 605, 650, 707, 782, 811, 833, 852, 865, 874, 902, 917, 920, 982, 983, 986, 314, 552, 649, 850, 4, 19, 39, 80, 126, 149, 154, 174, 185, 217, 223, 231, 247, 302, 337, 340, 363, 365, 383, 422, 448, 473, 482, 510, 528, 534, 542, 560, 577, 612, 638, 663, 694, 728, 736, 741, 758, 772, 773, 784, 787, 821, 840, 868, 884, 889, 899, 941, 970, 995, 996, 116, 122, 494, 546, 679, 809, 814, 861, 42, 637, 29, 680, 26, 88, 162, 192, 198, 221, 226, 316, 376, 387, 403, 408, 416, 418, 421, 471, 485, 501, 524, 529, 530, 557, 595, 607, 661, 685, 697, 718, 723, 727, 730, 746, 786, 808, 819, 826, 843, 864, 880, 901, 913, 945, 947, 962, 977, 25, 102, 377, 632, 879, 76, 97, 99, 364, 431, 813, 924, 966, 748, 2, 58, 105, 262, 318, 325, 374, 548, 713, 35, 838, 163
Chou (I): 0 Votes
Ballot(s):

Rosen (D): 0 Votes
Ballot(s):

Independent (I): 0 Votes
Ballot(s):

Royce (L): 0 Votes
Ballot(s):

Kleinberg (R): 0 Votes
Ballot(s):

-----Instant Runoff Election Results-----
--Information on the Election--
Number of Candidates: 6
Number of Ballots cast: 1000
***The winner is: Green (G)***

DATA SUCCESSFULLY POPULATED.

